
 Matrix size = 4 

 Matrix A (generated randomly):

 Multiplication done!
 Elapsed time 0.0002198859583586 s

Cglobal[0] =  13
Cglobal[1] =  19
Cglobal[2] =  19
Cglobal[3] =  1.58101e-322
Cglobal[4] =  1.78592e-316
Cglobal[5] =  19
Cglobal[6] =  28
Cglobal[7] =  25
Cglobal[8] =  1.81437e-316
Cglobal[9] =  0
Cglobal[10] =  19
Cglobal[11] =  28
Cglobal[12] =  28
Cglobal[13] =  -nan
Cglobal[14] =  9.88131e-324
Cglobal[15] =  4.79244e-322

 Assertion failed
